21 108 17
1 2 4 5 7 9 11 13 15 17 19 21 23 25 27 29 31 33 35 37 39 41 43 45 47 49 51 53 55 57 59 61 63 65 67 69 71 73 75 77 79 80 82 84 86 88 90 92 94 96 98 100 102 104 106 107 108
0 3 -1 0 6 -1 8 -1 10 -1 12 -1 14 -1 16 -1 18 -1 20 -1 22 -1 24 -1 26 -1 28 -1 30 -1 32 -1 34 -1 36 -1 38 -1 40 -1 42 -1 44 -1 46 -1 48 -1 50 -1 52 -1 54 -1 56 -1 58 -1 60 -1 62 -1 64 -1 66 -1 68 -1 70 -1 72 -1 74 -1 76 -1 78 -1 0 81 -1 83 -1 85 -1 87 -1 89 -1 91 -1 93 -1 95 -1 97 -1 99 -1 101 -1 103 -1 105 -1 0 0 0
1 
2 1 2 4
3 5 7 9
4 11 13 15
5 17 19 21
6 23 25 27
7 29 31 33
8 35 37 39
9 41 43 45
10 47 49 51
11 53 55 57
12 59 61 63
13 65 67 69
14 71 73 75
15 
16 77 79 80
17 82 84 86
18 88 90 92
19 94 96 98
20 100 102 104
21 106 107 108
2 2 2 2 3 3 3 3 3 3 4 4 4 4 4 4 5 5 5 5 5 5 6 6 6 6 6 6 7 7 7 7 7 7 8 8 8 8 8 8 9 9 9 9 9 9 10 10 10 10 10 10 11 11 11 11 11 11 12 12 12 12 12 12 13 13 13 13 13 13 14 14 14 14 14 14 16 16 16 16 16 17 17 17 17 17 17 18 18 18 18 18 18 19 19 19 19 19 19 20 20 20 20 20 20 21 21 21
7 2 60 7 14 25 2 76 2 55 14 52 2 84 2 102 7 96 2 92 2 149 7 113 2 100 2 160 9 143 3 106 3 193 9 154 3 106 3 201 9 166 3 106 3 207 9 166 3 106 3 207 9 166 3 106 3 207 9 166 3 106 3 207 9 166 3 106 3 207 9 166 3 106 3 207 12 165 40 4 202 12 158 4 102 4 198 12 146 4 96 4 186 12 133 4 86 4 168 12 121 4 80 4 156 84 40 84
10 5 31 10 15 19 5 39 5 29 15 30 5 43 5 40 10 45 5 47 5 50 10 50 5 51 5 55 12 62 6 54 6 68 12 65 6 54 6 71 12 68 6 54 6 74 12 68 6 54 6 74 12 68 6 54 6 74 12 68 6 54 6 74 12 68 6 54 6 74 12 68 6 54 6 74 16 67 32 8 75 16 65 8 52 8 73 16 60 8 48 8 68 16 55 8 44 8 63 16 50 8 40 8 58 48 32 48
0 0 0 0 0 0 0 0 0 0 0 0 0 0 0 0 0 0 0 0 0 0 0 0 0 0 0 0 4 8 2 6 2 10 0 0 0 0 0 0 4 37 2 30 2 39 0 0 0 0 0 0 4 37 2 30 2 39 0 0 0 0 0 0 4 37 2 30 2 39 10 20 5 15 5 25 8 16 16 4 20 4 26 2 22 2 28 4 21 2 18 2 23 4 16 2 14 2 18 4 11 2 10 2 13 0 0 0
201.6 100.8 763.2 201.6 302.4 460.8 100.8 993.6 100.8 662.4 302.4 734.4 100.8 1108.8 100.8 936.0 201.6 1123.2 100.8 1224.0 100.8 1224.0 201.6 1267.2 100.8 1339.2 100.8 1368.0 241.92 1578.24 120.96 1399.68 120.96 1699.2 241.92 1664.64 120.96 1399.68 120.96 1785.6 241.92 1751.04 120.96 1399.68 120.96 1872.0 241.92 1751.04 120.96 1399.68 120.96 1872.0 241.92 1751.04 120.96 1399.68 120.96 1872.0 241.92 1751.04 120.96 1399.68 120.96 1872.0 241.92 1751.04 120.96 1399.68 120.96 1872.0 241.92 1751.04 120.96 1399.68 120.96 1872.0 322.56 1653.12 645.12 161.28 1814.4 322.56 1595.52 161.28 1290.24 161.28 1756.8 322.56 1451.52 161.28 1175.04 161.28 1612.8 322.56 1307.52 161.28 1059.84 161.28 1468.8 322.56 1163.52 161.28 944.64 161.28 1324.8 967.68 645.12 967.68
129.8 129.8 129.8 129.8 116.6 116.6 116.6 116.6 116.6 116.6 102.3 102.3 102.3 102.3 102.3 102.3 88.0 88.0 88.0 88.0 88.0 88.0 73.8 73.8 73.8 73.8 73.8 73.8 59.5 59.5 59.5 59.5 59.5 59.5 45.1 45.1 45.1 45.1 45.1 45.1 30.7 30.7 30.7 30.7 30.7 30.7 16.4 16.4 16.4 16.4 16.4 16.4 2.0 2.0 2.0 2.0 2.0 2.0 -12.4 -12.4 -12.4 -12.4 -12.4 -12.4 -26.7 -26.7 -26.7 -26.7 -26.7 -26.7 -41.1 -41.1 -41.1 -41.1 -41.1 -41.1 -74.9 -74.9 -74.9 -74.9 -74.9 -89.2 -89.2 -89.2 -89.2 -89.2 -89.2 -103.6 -103.6 -103.6 -103.6 -103.6 -103.6 -117.9 -117.9 -117.9 -117.9 -117.9 -117.9 -132.5 -132.5 -132.5 -132.5 -132.5 -132.5 -148.0 -148.0 -148.0
26.1 26.1 18.64 26.1 26.1 19.84 26.1 15.66 26.1 21.63 26.1 19.02 26.1 14.17 26.1 20.59 26.1 17.4 26.1 12.68 26.1 18.27 26.1 15.95 26.1 11.19 26.1 16.96 26.1 13.63 26.1 11.19 26.1 14.88 26.1 12.76 26.1 11.19 26.1 14.09 26.1 11.89 26.1 11.19 26.1 13.31 26.1 11.89 26.1 11.19 26.1 13.31 26.1 11.89 26.1 11.19 26.1 13.31 26.1 11.89 26.1 11.19 26.1 13.31 26.1 11.89 26.1 11.19 26.1 13.31 26.1 11.89 26.1 11.19 26.1 13.31 26.1 14.5 26.1 26.1 15.66 26.1 15.08 26.1 14.17 26.1 16.18 26.1 16.53 26.1 15.66 26.1 17.49 26.1 17.98 26.1 17.15 26.1 18.79 26.1 19.43 26.1 18.64 26.1 20.1 26.1 26.1 26.1
-7.29 -3.64 0.52 7.29 -13.36 -8.02 -3.64 0.52 6.08 10.59 -15.8 -9.2 -3.64 0.52 6.08 11.74 -17.01 -10.4 -3.64 0.52 6.08 12.15 -17.01 -10.4 -3.64 0.52 6.08 12.15 -17.01 -10.4 -3.64 0.52 6.08 12.15 -17.01 -10.4 -3.64 0.52 6.08 12.15 -17.01 -10.4 -3.64 0.52 6.08 12.15 -17.01 -10.4 -3.64 0.52 6.08 12.15 -17.01 -10.4 -3.64 0.52 6.08 12.15 -17.01 -10.4 -3.64 0.52 6.08 12.15 -17.01 -10.4 -3.64 0.52 6.08 12.15 -17.01 -10.4 -3.64 0.52 6.08 12.15 -17.01 -10.4 -0.0 6.08 12.15 -17.01 -10.4 -3.64 0.52 6.08 12.15 -17.01 -10.4 -3.64 0.52 6.08 12.15 -17.01 -10.4 -3.64 0.52 6.08 12.15 -17.01 -10.4 -3.64 0.52 6.08 12.15 -12.15 -0.0 12.15
2 3
3 4
4 5
5 6
6 7
7 8
8 9
9 10
10 11
11 12
12 13
13 14
16 17
17 18
18 19
19 20
20 21
1080.0 980.0 921.0 1059.0 1198.0 1337.0 1424.0 1439.0 1449.0 1459.0 1470.0 1980.0 1490.0 1557.0 6732.0 2496.0 1436.0 1302.0 1422.0 1422.0 2422.0
148.0 129.8 116.6 102.3 88.0 73.8 59.5 45.1 30.7 16.4 2.0 -12.4 -26.7 -41.1 -58.0 -74.9 -89.2 -103.6 -117.9 -132.5 -148.0
15.0 15.0 15.0 15.0 15.0 15.0 15.0 15.0 15.0 15.0 15.0 15.0 15.0 15.0 15.0 15.0 15.0 15.0 15.0 15.0 15.0
0.0 0.0 0.0 0.0 0.0 0.0 0.0 0.0 0.0 0.0 0.0 0.0 0.0 0.0 0.0 0.0 0.0 0.0 0.0 0.0 0.0
-4090.0 -4090.0 -4090.0 -4820.0 -6900.0 -6790.0 -7060.0 -7670.0 -8160.0 -8300.0 -8300.0 -8300.0 -8300.0 -7880.0 -7320.0 -6640.0 -6200.0 -6900.0 -6800.0 -6800.0 -6800.0
3510.0 3510.0 3510.0 3940.0 5980.0 5870.0 6140.0 7110.0 8050.0 8300.0 8300.0 8300.0 8300.0 8160.0 7980.0 7460.0 7030.0 7600.0 7300.0 7300.0 7300.0
30000.0 30000.0 30000.0 60000.0 128000.0 204000.0 280000.0 356000.0 425000.0 504000.0 540000.0 557000.0 557000.0 557000.0 548000.0 484000.0 404000.0 300000.0 206000.0 206000.0 206000.0
99410.0 96291.0 94191.0 95174.0 93618.0 92702.0
-3.66 -3.64 -3.65 -3.62 -3.6 -3.62 -3.62 -3.61 -3.62
-3.38 -3.37 -3.37 -3.35 -3.34 -3.35 -3.35 -3.35 -3.35
19.87 19.9 19.89 19.94 19.97 19.94 19.93 19.95 19.94
-0.1 -0.1 -0.1 -0.1 -0.1 -0.1 -0.1 -0.1 -0.1
0.1 0.1 0.1 0.1 0.1 0.1 0.1 0.1 0.1
