24 172 20
1 2 4 6 7 8 10 12 13 15 17 19 21 23 25 27 29 31 33 35 37 39 41 43 45 47 49 51 53 55 57 59 61 63 65 67 69 71 73 75 77 79 81 83 85 87 89 91 93 95 97 99 101 103 105 107 109 111 113 115 117 119 121 123 125 127 129 131 133 135 137 139 141 143 145 147 149 151 153 155 157 159 161 163 165 167 169 171
0 3 -1 5 -1 0 0 9 -1 11 -1 0 14 -1 16 -1 18 -1 20 -1 22 -1 24 -1 26 -1 28 -1 30 -1 32 -1 34 -1 36 -1 38 -1 40 -1 42 -1 44 -1 46 -1 48 -1 50 -1 52 -1 54 -1 56 -1 58 -1 60 -1 62 -1 64 -1 66 -1 68 -1 70 -1 72 -1 74 -1 76 -1 78 -1 80 -1 82 -1 84 -1 86 -1 88 -1 90 -1 92 -1 94 -1 96 -1 98 -1 100 -1 102 -1 104 -1 106 -1 108 -1 110 -1 112 -1 114 -1 116 -1 118 -1 120 -1 122 -1 124 -1 126 -1 128 -1 130 -1 132 -1 134 -1 136 -1 138 -1 140 -1 142 -1 144 -1 146 -1 148 -1 150 -1 152 -1 154 -1 156 -1 158 -1 160 -1 162 -1 164 -1 166 -1 168 -1 170 -1 172 -1
1 
2 1 2 4 6
3 7 8 10 12
4 13 15 17 19
5 21 23 25 27
6 29 31 33 35
7 37 39 41 43
8 45 47 49 51
9 53 55 57 59
10 61 63 65 67
11 69 71 73 75
12 77 79 81 83
13 85 87 89 91
14 93 95 97 99
15 
16 101 103 105 107
17 109 111 113 115
18 117 119 121 123
19 125 127 129 131
20 133 135 137 139
21 141 143 145 147
22 149 151 153 155
23 157 159 161 163
24 165 167 169 171
2 2 2 2 2 2 3 3 3 3 3 3 4 4 4 4 4 4 4 4 5 5 5 5 5 5 5 5 6 6 6 6 6 6 6 6 7 7 7 7 7 7 7 7 8 8 8 8 8 8 8 8 9 9 9 9 9 9 9 9 10 10 10 10 10 10 10 10 11 11 11 11 11 11 11 11 12 12 12 12 12 12 12 12 13 13 13 13 13 13 13 13 14 14 14 14 14 14 14 14 16 16 16 16 16 16 16 16 17 17 17 17 17 17 17 17 18 18 18 18 18 18 18 18 19 19 19 19 19 19 19 19 20 20 20 20 20 20 20 20 21 21 21 21 21 21 21 21 22 22 22 22 22 22 22 22 23 23 23 23 23 23 23 23 24 24 24 24 24 24 24 24
34 3 106 3 134 34 60 4 151 4 179 60 24 66 4 173 4 193 4 124 24 66 4 173 4 193 4 124 13 140 4 208 4 212 4 195 13 140 4 208 4 212 4 195 13 170 4 225 4 225 4 237 13 170 4 225 4 225 4 237 13 198 4 225 4 225 4 253 13 198 4 225 4 225 4 253 13 213 4 225 4 225 4 271 13 213 4 225 4 225 4 271 13 213 4 225 4 225 4 271 13 216 4 150 4 150 4 273 13 221 4 221 4 209 4 274 13 216 4 150 4 150 4 273 13 205 4 213 4 213 4 257 13 196 4 200 4 200 4 244 13 177 4 196 4 200 4 224 13 171 4 188 4 188 4 219 13 158 4 175 4 175 4 199 13 142 4 163 4 163 4 182
28 7 49 7 49 28 40 8 67 8 67 40 24 36 8 74 8 74 8 52 24 36 8 74 8 74 8 52 18 61 9 85 9 85 9 70 18 61 9 85 9 85 9 70 18 74 9 91 9 91 9 83 18 74 9 91 9 91 9 83 18 82 9 91 9 91 9 91 18 82 9 91 9 91 9 91 18 88 9 91 9 91 9 97 18 88 9 91 9 91 9 97 18 88 9 91 9 91 9 97 18 89 9 61 9 61 9 98 18 90 9 87 9 87 9 99 18 89 9 61 9 61 9 98 18 84 9 86 9 86 9 93 18 80 9 81 9 81 9 89 18 73 9 80 9 80 9 82 18 71 9 76 9 76 9 80 18 65 9 71 9 71 9 74 18 59 9 66 9 66 9 68
0 0 0 0 0 0 0 0 0 0 0 0 0 0 0 0 0 0 0 0 0 0 0 0 0 0 0 0 8 46 4 94 4 94 4 50 0 0 0 0 0 0 0 0 6 35 3 52 3 52 3 38 0 0 0 0 0 0 0 0 6 43 3 52 3 52 3 46 0 0 0 0 0 0 0 0 6 49 3 52 3 52 3 52 0 0 0 0 0 0 0 0 6 49 3 52 3 52 3 52 0 0 0 0 0 0 0 0 0 0 0 0 0 0 0 0 0 0 0 0 0 0 0 0 0 0 0 0 0 0 0 0 0 0 0 0 0 0 0 0 0 0 0 0 0 0 0 0 0 0 0 0 0 0 0 0 0 0 0 0 0 0 0 0 0 0 0 0 0 0 0 0
564.48 141.12 1169.28 141.12 1169.28 564.48 806.4 161.28 1653.12 161.28 1653.12 806.4 483.84 829.44 161.28 1854.72 161.28 1854.72 161.28 1152.0 483.84 829.44 161.28 1854.72 161.28 1854.72 161.28 1152.0 362.88 1445.76 181.44 2136.96 181.44 2136.96 181.44 1627.2 362.88 1445.76 181.44 2136.96 181.44 2136.96 181.44 1627.2 362.88 1820.16 181.44 2309.76 181.44 2309.76 181.44 2001.6 362.88 1820.16 181.44 2309.76 181.44 2309.76 181.44 2001.6 362.88 2050.56 181.44 2309.76 181.44 2309.76 181.44 2232.0 362.88 2050.56 181.44 2309.76 181.44 2309.76 181.44 2232.0 362.88 2223.36 181.44 2309.76 181.44 2309.76 181.44 2404.8 362.88 2223.36 181.44 2309.76 181.44 2309.76 181.44 2404.8 362.88 2223.36 181.44 2309.76 181.44 2309.76 181.44 2404.8 362.88 2252.16 181.44 1445.76 181.44 1445.76 181.44 2433.6 362.88 2280.96 181.44 2194.56 181.44 2194.56 181.44 2462.4 362.88 2252.16 181.44 1445.76 181.44 1445.76 181.44 2433.6 362.88 2108.16 181.44 2165.76 181.44 2165.76 181.44 2289.6 362.88 1992.96 181.44 2021.76 181.44 2021.76 181.44 2174.4 362.88 1791.36 181.44 1992.96 181.44 1992.96 181.44 1972.8 362.88 1733.76 181.44 1877.76 181.44 1877.76 181.44 1915.2 362.88 1560.96 181.44 1733.76 181.44 1733.76 181.44 1742.4 362.88 1388.16 181.44 1589.76 181.44 1589.76 181.44 1569.6
146.8 146.8 146.8 146.8 146.8 146.8 132.39 132.39 132.39 132.39 132.39 132.39 117.89 117.89 117.89 117.89 117.89 117.89 117.89 117.89 103.12 103.12 103.12 103.12 103.12 103.12 103.12 103.12 88.36 88.36 88.36 88.36 88.36 88.36 88.36 88.36 73.59 73.59 73.59 73.59 73.59 73.59 73.59 73.59 58.82 58.82 58.82 58.82 58.82 58.82 58.82 58.82 44.06 44.06 44.06 44.06 44.06 44.06 44.06 44.06 29.29 29.29 29.29 29.29 29.29 29.29 29.29 29.29 14.53 14.53 14.53 14.53 14.53 14.53 14.53 14.53 -0.24 -0.24 -0.24 -0.24 -0.24 -0.24 -0.24 -0.24 -15.01 -15.01 -15.01 -15.01 -15.01 -15.01 -15.01 -15.01 -37.99 -37.99 -37.99 -37.99 -37.99 -37.99 -37.99 -37.99 -66.79 -66.79 -66.79 -66.79 -66.79 -66.79 -66.79 -66.79 -81.39 -81.39 -81.39 -81.39 -81.39 -81.39 -81.39 -81.39 -96.0 -96.0 -96.0 -96.0 -96.0 -96.0 -96.0 -96.0 -110.61 -110.61 -110.61 -110.61 -110.61 -110.61 -110.61 -110.61 -125.21 -125.21 -125.21 -125.21 -125.21 -125.21 -125.21 -125.21 -139.75 -139.75 -139.75 -139.75 -139.75 -139.75 -139.75 -139.75 -154.24 -154.24 -154.24 -154.24 -154.24 -154.24 -154.24 -154.24 -168.73 -168.73 -168.73 -168.73 -168.73 -168.73 -168.73 -168.73 -183.22 -183.22 -183.22 -183.22 -183.22 -183.22 -183.22 -183.22
31.32 31.32 23.78 31.32 23.78 31.32 31.32 31.32 19.72 31.32 19.72 31.32 31.32 25.35 31.32 17.69 31.32 17.69 31.32 26.68 31.32 25.35 31.32 17.69 31.32 17.69 31.32 26.68 31.32 22.62 31.32 15.66 31.32 15.66 31.32 23.49 31.32 22.62 31.32 15.66 31.32 15.66 31.32 23.49 31.32 18.85 31.32 13.92 31.32 13.92 31.32 20.1 31.32 18.85 31.32 13.92 31.32 13.92 31.32 20.1 31.32 16.53 31.32 13.92 31.32 13.92 31.32 18.01 31.32 16.53 31.32 13.92 31.32 13.92 31.32 18.01 31.32 14.79 31.32 13.92 31.32 13.92 31.32 16.44 31.32 14.79 31.32 13.92 31.32 13.92 31.32 16.44 31.32 14.79 31.32 13.92 31.32 13.92 31.32 16.44 31.32 14.5 31.32 22.62 31.32 22.62 31.32 16.18 31.32 14.21 31.32 15.08 31.32 15.08 31.32 15.92 31.32 14.5 31.32 22.62 31.32 22.62 31.32 16.18 31.32 15.95 31.32 15.37 31.32 15.37 31.32 17.49 31.32 17.11 31.32 16.82 31.32 16.82 31.32 18.53 31.32 19.14 31.32 17.11 31.32 17.11 31.32 20.36 31.32 19.72 31.32 18.27 31.32 18.27 31.32 20.88 31.32 21.46 31.32 19.72 31.32 19.72 31.32 22.45 31.32 23.2 31.32 21.17 31.32 21.17 31.32 24.01
-17.01 -10.94 -5.54 1.22 6.62 17.01 -18.23 -10.94 -5.54 1.22 6.62 18.23 -23.08 -16.49 -10.94 -5.54 1.22 6.62 13.36 19.04 -23.08 -16.49 -10.94 -5.54 1.22 6.62 13.36 19.04 -24.3 -17.69 -10.94 -5.54 1.22 6.62 13.36 19.44 -24.3 -17.69 -10.94 -5.54 1.22 6.62 13.36 19.44 -24.3 -17.69 -10.94 -5.54 1.22 6.62 13.36 19.44 -24.3 -17.69 -10.94 -5.54 1.22 6.62 13.36 19.44 -24.3 -17.69 -10.94 -5.54 1.22 6.62 13.36 19.44 -24.3 -17.69 -10.94 -5.54 1.22 6.62 13.36 19.44 -24.3 -17.69 -10.94 -5.54 1.22 6.62 13.36 19.44 -24.3 -17.69 -10.94 -5.54 1.22 6.62 13.36 19.44 -24.3 -17.69 -10.94 -5.54 1.22 6.62 13.36 19.44 -24.3 -17.69 -10.94 -5.54 1.22 6.62 13.36 19.44 -24.3 -17.69 -10.94 -5.54 1.22 6.62 13.36 19.44 -24.3 -17.69 -10.94 -5.54 1.22 6.62 13.36 19.44 -24.3 -17.69 -10.94 -5.54 1.22 6.62 13.36 19.44 -24.3 -17.69 -10.94 -5.54 1.22 6.62 13.36 19.44 -24.3 -17.69 -10.94 -5.54 1.22 6.62 13.36 19.44 -24.3 -17.69 -10.94 -5.54 1.22 6.62 13.36 19.44 -24.3 -17.69 -10.94 -5.54 1.22 6.62 13.36 19.44 -24.3 -17.69 -10.94 -5.54 1.22 6.62 13.36 19.44
2 3
3 4
4 5
5 6
6 7
7 8
8 9
9 10
10 11
11 12
12 13
13 14
16 17
17 18
18 19
19 20
20 21
21 22
22 23
23 24
2440.0 2154.0 2154.0 2154.0 2154.0 2154.0 2154.0 2154.0 2154.0 2154.0 2154.0 2154.0 2154.0 7852.0 7657.0 1780.0 1780.0 1780.0 1780.0 1780.0 1780.0 1780.0 1780.0 2750.0
161.2 146.8 132.39 117.89 103.12 88.36 73.59 58.82 44.06 29.29 14.53 -0.24 -15.01 -37.99 -52.18 -66.79 -81.39 -96.0 -110.61 -125.21 -139.75 -154.24 -168.73 -183.22
18.0 18.0 18.0 18.0 18.0 18.0 18.0 18.0 18.0 18.0 18.0 18.0 18.0 18.0 18.0 18.0 18.0 18.0 18.0 18.0 18.0 18.0 18.0 18.0
0.0 0.0 0.0 0.0 0.0 0.0 0.0 0.0 0.0 0.0 0.0 0.0 0.0 0.0 0.0 0.0 0.0 0.0 0.0 0.0 0.0 0.0 0.0 0.0
-2450.0 -2900.0 -4630.0 -6890.0 -11110.0 -11140.0 -11350.0 -11590.0 -11430.0 -10710.0 -10320.0 -9670.0 -8730.0 -7880.0 -6750.0 -6450.0 -8180.0 -10470.0 -11560.0 -13370.0 -13490.0 -12910.0 -9830.0 -6630.0
1850.0 1940.0 3250.0 5280.0 9500.0 9590.0 10050.0 10600.0 10870.0 10550.0 10250.0 9670.0 8730.0 7880.0 7220.0 7500.0 9670.0 11960.0 13050.0 14650.0 14480.0 13610.0 10230.0 6790.0
46750.0 78610.0 145100.0 288650.0 582930.0 607440.0 742550.0 901870.0 1.05824e6 1.1862e6 1.25171e6 1.30784e6 1.30784e6 1.30784e6 1.30784e6 1.30646e6 1.22368e6 1.12067e6 960750.0 729540.0 526290.0 340500.0 161830.0 56000.0
-9.32 -9.29 -9.29 -9.29 -9.22 -9.26 -9.3 -9.3 -9.28
-8.7 -8.67 -8.68 -8.68 -8.62 -8.65 -8.68 -8.68 -8.66
25.95 25.97 25.97 25.97 26.02 25.99 25.96 25.96 25.98
-0.1 -0.1 -0.1 -0.1 -0.1 -0.1 -0.1 -0.1 -0.1
0.1 0.1 0.1 0.1 0.1 0.1 0.1 0.1 0.1
