24 126 20 28
1 2 4 5 7 9 11 13 15 17 19 21 23 25 27 29 31 33 35 37 39 41 43 45 47 49 51 53 55 57 59 61 63 65 67 69 71 73 75 77 79 81 83 85 87 89 91 93 95 97 98 100 102 104 106 108 110 112 114 116 118 120 122 124 125 126
0 3 -1 0 6 -1 8 -1 10 -1 12 -1 14 -1 16 -1 18 -1 20 -1 22 -1 24 -1 26 -1 28 -1 30 -1 32 -1 34 -1 36 -1 38 -1 40 -1 42 -1 44 -1 46 -1 48 -1 50 -1 52 -1 54 -1 56 -1 58 -1 60 -1 62 -1 64 -1 66 -1 68 -1 70 -1 72 -1 74 -1 76 -1 78 -1 80 -1 82 -1 84 -1 86 -1 88 -1 90 -1 92 -1 94 -1 96 -1 0 99 -1 101 -1 103 -1 105 -1 107 -1 109 -1 111 -1 113 -1 115 -1 117 -1 119 -1 121 -1 123 -1 0 0 0
1 
2 1 2 4
3 5 7 9
4 11 13 15
5 17 19 21
6 23 25 27
7 29 31 33
8 35 37 39
9 41 43 45
10 47 49 51
11 53 55 57
12 59 61 63
13 65 67 69
14 71 73 75
15 77 79 81
16 83 85 87
17 89 91 93
18 
19 95 97 98
20 100 102 104
21 106 108 110
22 112 114 116
23 118 120 122
24 124 125 126
2 2 2 2 3 3 3 3 3 3 4 4 4 4 4 4 5 5 5 5 5 5 6 6 6 6 6 6 7 7 7 7 7 7 8 8 8 8 8 8 9 9 9 9 9 9 10 10 10 10 10 10 11 11 11 11 11 11 12 12 12 12 12 12 13 13 13 13 13 13 14 14 14 14 14 14 15 15 15 15 15 15 16 16 16 16 16 16 17 17 17 17 17 17 19 19 19 19 19 20 20 20 20 20 20 21 21 21 21 21 21 22 22 22 22 22 22 23 23 23 23 23 23 24 24 24
10 3 108 10 20 29 3 140 3 62 20 63 3 160 3 118 10 108 3 175 3 155 10 122 3 175 3 179 12 148 4 190 4 206 12 140 4 140 4 172 13 196 4 200 4 244 13 196 4 200 4 244 13 196 4 200 4 244 13 150 4 150 4 185 13 196 4 200 4 244 13 196 4 200 4 244 13 196 4 200 4 244 13 196 4 200 4 244 13 196 4 200 4 244 13 180 66 4 227 13 171 4 175 4 214 13 158 4 175 4 199 13 146 4 163 4 184 13 133 4 150 4 169 93 66 93
14 7 44 14 21 21 7 57 7 35 21 35 7 65 7 49 14 48 7 71 7 55 14 55 7 71 7 62 16 64 8 77 8 72 16 57 8 57 8 65 18 80 9 81 9 89 18 80 9 81 9 89 18 80 9 81 9 89 18 61 9 61 9 70 18 80 9 81 9 89 18 80 9 81 9 89 18 80 9 81 9 89 18 80 9 81 9 89 18 80 9 81 9 89 18 74 45 9 83 18 70 9 71 9 79 18 65 9 71 9 74 18 60 9 66 9 69 18 55 9 61 9 64 54 45 54
0 0 0 0 0 0 0 0 0 0 0 0 0 0 0 0 0 0 0 0 0 0 0 17 0 33 0 17 0 0 0 0 0 0 6 12 3 12 3 15 6 12 3 12 3 15 6 42 3 47 3 45 6 12 3 12 3 15 6 12 3 12 3 15 6 12 3 12 3 15 0 0 0 0 0 0 6 46 3 47 3 49 6 46 3 47 3 49 0 0 0 0 0 0 0 0 0 0 0 6 36 3 37 3 39 6 12 3 12 3 15 0 0 0 0 0 0 0 0 0 0 0 0 0 0 0
282.24 141.12 1025.28 282.24 423.36 483.84 141.12 1399.68 141.12 766.08 423.36 826.56 141.12 1630.08 161.28 1108.8 282.24 1140.48 141.12 1802.88 141.12 1281.6 282.24 1342.08 141.12 1802.88 141.12 1483.2 322.56 1566.72 161.28 1941.12 161.28 1728.0 322.56 1365.12 161.28 1365.12 161.28 1526.4 362.88 1992.96 181.44 2021.76 181.44 2174.4 362.88 1992.96 181.44 2021.76 181.44 2174.4 362.88 1992.96 181.44 2021.76 181.44 2174.4 362.88 1445.76 181.44 1445.76 181.44 1627.2 362.88 1992.96 181.44 2021.76 181.44 2174.4 362.88 1992.96 181.44 2021.76 181.44 2174.4 362.88 1992.96 181.44 2021.76 181.44 2174.4 362.88 1992.96 181.44 2021.76 181.44 2174.4 362.88 1992.96 181.44 2021.76 181.44 2174.4 362.88 1820.16 907.2 181.44 2001.6 362.88 1704.96 181.44 1733.76 181.44 1886.4 362.88 1560.96 181.44 1733.76 181.44 1742.4 362.88 1416.96 181.44 1589.76 181.44 1598.4 362.88 1272.96 181.44 1445.76 181.44 1454.4 1088.64 907.2 1088.64
153.1 153.1 153.1 153.1 139.8 139.8 139.8 139.8 139.8 139.8 125.4 125.4 125.4 125.4 125.4 125.4 110.8 110.8 110.8 110.8 110.8 110.8 96.2 96.2 96.2 96.2 96.2 96.2 81.6 81.6 81.6 81.6 81.6 81.6 67.0 67.0 67.0 67.0 67.0 67.0 52.4 52.4 52.4 52.4 52.4 52.4 37.7 37.7 37.7 37.7 37.7 37.7 23.1 23.1 23.1 23.1 23.1 23.1 8.4 8.4 8.4 8.4 8.4 8.4 -6.2 -6.2 -6.2 -6.2 -6.2 -6.2 -20.9 -20.9 -20.9 -20.9 -20.9 -20.9 -35.6 -35.6 -35.6 -35.6 -35.6 -35.6 -50.2 -50.2 -50.2 -50.2 -50.2 -50.2 -64.8 -64.8 -64.8 -64.8 -64.8 -64.8 -98.7 -98.7 -98.7 -98.7 -98.7 -113.1 -113.1 -113.1 -113.1 -113.1 -113.1 -127.5 -127.5 -127.5 -127.5 -127.5 -127.5 -141.9 -141.9 -141.9 -141.9 -141.9 -141.9 -156.6 -156.6 -156.6 -156.6 -156.6 -156.6 -172.1 -172.1 -172.1
26.1 26.1 20.01 26.1 26.1 20.88 26.1 16.24 26.1 22.37 26.1 19.39 26.1 13.92 26.1 20.88 26.1 18.85 26.1 12.18 26.1 19.58 26.1 16.82 26.1 12.18 26.1 17.75 26.1 15.37 26.1 11.6 26.1 16.44 26.1 17.4 26.1 17.4 26.1 18.27 26.1 11.89 26.1 11.6 26.1 13.31 26.1 11.89 26.1 11.6 26.1 13.31 26.1 11.89 26.1 11.6 26.1 13.31 26.1 17.4 26.1 17.4 26.1 18.27 26.1 11.89 26.1 11.6 26.1 13.31 26.1 11.89 26.1 11.6 26.1 13.31 26.1 11.89 26.1 11.6 26.1 13.31 26.1 11.89 26.1 11.6 26.1 13.31 26.1 11.89 26.1 11.6 26.1 13.31 26.1 13.63 26.1 26.1 14.88 26.1 14.79 26.1 14.5 26.1 15.92 26.1 16.24 26.1 14.5 26.1 17.23 26.1 17.69 26.1 15.95 26.1 18.53 26.1 19.14 26.1 17.4 26.1 19.84 26.1 26.1 26.1
-8.51 -4.86 0.54 8.51 -14.58 -9.23 -4.86 0.54 7.29 11.8 -17.01 -10.41 -4.86 0.54 7.29 12.96 -18.23 -11.61 -4.86 0.54 7.29 13.36 -18.23 -11.61 -4.86 0.54 7.29 13.36 -18.23 -11.61 -4.86 0.54 7.29 13.36 -18.23 -11.61 -4.86 0.54 7.29 13.36 -18.23 -11.61 -4.86 0.54 7.29 13.36 -18.23 -11.61 -4.86 0.54 7.29 13.36 -18.23 -11.61 -4.86 0.54 7.29 13.36 -18.23 -11.61 -4.86 0.54 7.29 13.36 -18.23 -11.61 -4.86 0.54 7.29 13.36 -18.23 -11.61 -4.86 0.54 7.29 13.36 -18.23 -11.61 -4.86 0.54 7.29 13.36 -18.23 -11.61 -4.86 0.54 7.29 13.36 -18.23 -11.61 -4.86 0.54 7.29 13.36 -18.23 -11.61 -0.0 7.29 13.36 -18.23 -11.61 -4.86 0.54 7.29 13.36 -18.23 -11.61 -4.86 0.54 7.29 13.36 -18.23 -11.61 -4.86 0.54 7.29 13.36 -18.23 -11.61 -4.86 0.54 7.29 13.36 -13.37 -0.0 13.36
2 3
3 4
4 5
5 6
6 7
7 8
8 9
9 10
10 11
11 12
12 13
13 14
14 15
15 16
16 17
19 20
20 21
21 22
22 23
23 24
1431.0 1057.0 1057.0 1057.0 1057.0 1057.0 1560.0 1560.0 1560.0 1560.0 1560.0 1762.0 1762.0 1762.0 2262.0 1762.0 1762.0 5043.0 4970.0 1275.0 1275.0 1275.0 1275.0 1375.0
172.6 153.1 139.8 125.4 110.8 96.2 81.6 67.0 52.4 37.7 23.1 8.4 -6.2 -20.9 -35.6 -50.2 -64.8 -81.8 -98.7 -113.1 -127.5 -141.9 -156.6 -172.1
15.0 15.0 15.0 15.0 15.0 15.0 15.0 15.0 15.0 15.0 15.0 15.0 15.0 15.0 15.0 15.0 15.0 15.0 15.0 15.0 15.0 15.0 15.0 15.0
0.0 0.0 0.0 0.0 0.0 0.0 0.0 0.0 0.0 0.0 0.0 0.0 0.0 0.0 0.0 0.0 0.0 0.0 0.0 0.0 0.0 0.0 0.0 0.0
-6000.0 -6000.0 -6000.0 -7000.0 -5950.0 -7000.0 -8450.0 -8450.0 -8450.0 -8450.0 -8450.0 -8450.0 -8450.0 -8420.0 -8002.0 -7584.0 -7559.0 -7559.0 -7645.0 -7807.0 -7993.0 -7729.0 -4915.0 -4915.0
5718.0 5448.0 5178.0 6031.0 4981.0 6031.0 7481.0 7862.0 8274.0 8274.0 8450.0 8450.0 8450.0 8450.0 8450.0 8450.0 8450.0 8450.0 8450.0 8450.0 8450.0 8000.0 5000.0 5000.0
54000.0 54000.0 80000.0 100000.0 208000.0 295000.0 393000.0 465000.0 572000.0 572000.0 610000.0 625000.0 625000.0 625000.0 625000.0 625000.0 625000.0 560000.0 466000.0 346000.0 240000.0 138000.0 39000.0 39000.0
-5.48 -5.48 -5.55 -5.53 -5.46 -5.47 -5.49 -5.47 -5.46
-5.18 -5.18 -5.25 -5.23 -5.16 -5.17 -5.2 -5.18 -5.16
18.89 18.9 18.84 18.86 18.91 18.9 18.88 18.9 18.91
-0.1 -0.1 -0.1 -0.1 -0.1 -0.1 -0.1 -0.1 -0.1
0.1 0.1 0.1 0.1 0.1 0.1 0.1 0.1 0.1